ABELL1423
ID	RA	Dec	x	y	zb	zbmin	zbmax
[3495.0, 179.3472702, 33.6059358, 1353.559, 2222.736, 6.107, 5.68, 6.432]
[5036.0, 179.3106981, 33.5922243, 3040.639, 1463.224, 7.329, 6.714, 7.714]
[1289.0, 179.3472607, 33.6059303, 1353.996, 2222.433, 6.151, 5.676, 6.484]
[1713.0, 179.335466, 33.5992023, 1898.015, 1849.704, 6.659, 5.862, 7.354]
[1957.0, 179.3106957, 33.5922381, 3040.751, 1463.988, 7.14, 6.649, 7.639]
ABELL209
ID	RA	Dec	x	y	zb	zbmin	zbmax
[2272.0, 22.9686245, -13.6047409, 2515.725, 2858.965, 7.891, 7.087, 8.207]
[3516.0, 22.9771201, -13.6001423, 2058.396, 3113.652, 6.859, 6.312, 7.275]
[375.0, 22.9771194, -13.6001417, 2058.435, 3113.685, 7.185, 6.02, 7.419]
[695.0, 22.9686151, -13.6047335, 2516.233, 2859.376, 7.922, 7.43, 8.215]
[994.0, 22.9872515, -13.6113585, 1513.051, 2492.417, 6.625, 6.225, 7.116]
ABELL2261
ID	RA	Dec	x	y	zb	zbmin	zbmax
[2736.0, 260.604706, 32.1357319, 3091.096, 2545.865, 6.016, 5.77, 6.215]
[3134.0, 260.6214337, 32.1308436, 2306.571, 2275.097, 5.872, 5.683, 5.984]
[3652.0, 260.6124576, 32.143842, 2727.533, 2995.01, 6.767, 6.648, 6.872]
[3813.0, 260.6006403, 32.1243444, 3281.871, 1915.197, 6.446, 6.291, 6.594]
[27.0, 260.6087448, 32.1542111, 2901.598, 3569.311, 6.447, 6.118, 6.674]
[187.0, 260.6073833, 32.1495175, 2965.46, 3309.365, 7.522, 6.699, 7.682]
[450.0, 260.6124593, 32.1438429, 2727.45, 2995.059, 6.772, 6.643, 6.902]
[478.0, 260.6102936, 32.1434241, 2829.013, 2971.869, 6.35, 6.113, 6.64]
[754.0, 260.6275436, 32.1402305, 2020.057, 2795.005, 6.335, 6.19, 6.476]
[801.0, 260.6170479, 32.1376653, 2512.272, 2652.913, 5.978, 5.743, 6.216]
[910.0, 260.6047197, 32.1357219, 3090.454, 2545.31, 6.365, 6.219, 6.549]
[911.0, 260.6046798, 32.1355629, 3092.328, 2536.507, 5.779, 5.538, 5.905]
[1207.0, 260.6214386, 32.1308529, 2306.339, 2275.612, 6.332, 6.129, 6.536]
[1303.0, 260.5913138, 32.1287079, 3719.272, 2156.956, 6.194, 5.752, 6.327]
[1366.0, 260.6077236, 32.1277141, 2949.614, 2101.788, 6.333, 6.195, 6.476]
[1559.0, 260.6006401, 32.1243407, 3281.88, 1914.995, 6.523, 6.343, 6.77]
[1651.0, 260.6111027, 32.1221772, 2791.14, 1795.118, 6.465, 6.087, 6.815]
ABELL383
ID	RA	Dec	x	y	zb	zbmin	zbmax
[5658.0, 42.0057668, -3.5495402, 2775.323, 1576.015, 6.034, 5.909, 6.101]
[1022.0, 42.0048371, -3.5255794, 2826.722, 2903.073, 6.316, 6.052, 6.458]
[1320.0, 42.0191948, -3.5329581, 2033.038, 2494.405, 6.041, 5.965, 6.102]
[1734.0, 42.0224155, -3.5407973, 1855.006, 2060.236, 6.753, 6.387, 7.066]
[2079.0, 42.0132618, -3.5490106, 2361.011, 1605.349, 7.335, 7.118, 7.554]
[2211.0, 42.0058038, -3.5495579, 2773.28, 1575.037, 6.036, 5.89, 6.116]
ABELL611
ID	RA	Dec	x	y	zb	zbmin	zbmax
[2808.0, 120.2219387, 36.0596819, 3163.147, 2673.204, 6.381, 6.063, 6.792]
[3752.0, 120.2465608, 36.0507453, 2060.691, 2178.224, 5.847, 5.638, 6.005]
[729.0, 120.2219378, 36.0596831, 3163.191, 2673.269, 6.439, 6.163, 6.94]
[1121.0, 120.246557, 36.0507464, 2060.861, 2178.284, 5.822, 5.571, 5.978]
