MACS0416
ID	RA	Dec	x	y	zb	zbmin	zbmax
[4664.0, 64.0365048, -24.0923002, 2419.703, 1400.297, 5.913, 5.509, 6.132]
[427.0, 64.0478483, -24.0620688, 1846.023, 3074.622, 6.3, 5.742, 6.745]
[1641.0, 64.0240597, -24.0865918, 3048.954, 1716.434, 6.462, 6.156, 6.865]
[1643.0, 64.0241613, -24.0867498, 3043.813, 1707.681, 6.654, 6.163, 6.918]
[1647.0, 64.0251365, -24.0884436, 2994.5, 1613.878, 6.655, 6.46, 6.844]
[1866.0, 64.0370776, -24.091082, 2390.741, 1467.763, 6.368, 6.135, 6.5]
[1869.0, 64.0363661, -24.0914401, 2426.714, 1447.933, 6.384, 6.209, 6.559]
[1871.0, 64.0356413, -24.0917922, 2463.36, 1428.431, 6.653, 6.362, 6.813]
[1872.0, 64.0354977, -24.0918688, 2470.625, 1424.191, 6.654, 6.415, 6.89]
[1873.0, 64.0352927, -24.0919714, 2480.988, 1418.508, 6.654, 6.483, 6.804]
[1874.0, 64.0349601, -24.0921335, 2497.804, 1409.531, 6.654, 6.464, 6.835]
[1881.0, 64.0347922, -24.0923633, 2506.294, 1396.8, 6.272, 6.056, 6.417]
[1888.0, 64.0388498, -24.0904172, 2301.136, 1504.582, 6.394, 6.033, 6.836]
[1893.0, 64.036555, -24.0913391, 2417.164, 1453.528, 6.371, 5.882, 6.643]
[1895.0, 64.0354524, -24.0920498, 2472.911, 1414.167, 6.717, 6.659, 6.815]
[1982.0, 64.0363999, -24.0916014, 2425.009, 1438.997, 6.473, 6.332, 6.739]
[2025.0, 64.0332998, -24.0967688, 2581.746, 1152.807, 6.447, 6.229, 6.651]
MACS0647
ID	RA	Dec	x	y	zb	zbmin	zbmax
[3406.0, 101.9246099, 70.261869, 3151.825, 3234.472, 6.09, 5.71, 6.27]
[6209.0, 101.9542007, 70.2353576, 2598.469, 1765.961, 6.18, 5.943, 6.387]
[6353.0, 101.8988292, 70.2407192, 3635.209, 2063.477, 6.012, 5.517, 6.228]
[7591.0, 101.9611251, 70.226876, 2468.771, 1296.209, 6.14, 5.886, 6.271]
[120.0, 101.9316139, 70.2668358, 3020.693, 3509.485, 6.468, 5.753, 7.046]
[169.0, 101.9940284, 70.264168, 1853.453, 3361.794, 6.598, 6.411, 7.023]
[283.0, 101.9252786, 70.2631425, 3139.279, 3304.995, 6.715, 6.302, 7.334]
[339.0, 101.9245873, 70.2618682, 3152.249, 3234.428, 6.192, 5.835, 6.408]
[367.0, 101.9192351, 70.2615493, 3252.37, 3216.827, 6.532, 6.124, 7.081]
[634.0, 102.01129, 70.255899, 1530.229, 2904.052, 7.953, 7.786, 8.093]
[637.0, 102.0121955, 70.254535, 1513.221, 2828.521, 7.928, 7.591, 8.115]
[657.0, 102.0105159, 70.2571944, 1544.772, 2975.785, 6.763, 5.707, 7.619]
[1039.0, 101.911906, 70.2520252, 3389.873, 2689.437, 6.282, 5.586, 6.807]
[1051.0, 101.9209905, 70.2515462, 3219.886, 2662.785, 6.532, 6.264, 6.856]
[1138.0, 101.9324453, 70.2501418, 3005.555, 2584.891, 5.919, 5.529, 6.062]
[1205.0, 101.9194993, 70.2490521, 3247.883, 2524.669, 6.673, 6.274, 7.276]
[1541.0, 101.9215164, 70.2429165, 3210.343, 2184.825, 6.534, 5.995, 7.161]
[1577.0, 102.0079571, 70.2424146, 1591.993, 2157.169, 6.728, 6.324, 7.161]
[1598.0, 101.9874519, 70.237436, 1975.769, 1881.19, 6.55, 6.33, 6.819]
[1599.0, 101.9864975, 70.2372223, 1993.638, 1869.348, 6.567, 6.268, 6.951]
[1601.0, 101.9911456, 70.2382513, 1906.622, 1926.381, 6.571, 6.204, 6.944]
[1603.0, 101.9891268, 70.238038, 1944.42, 1914.55, 6.237, 6.019, 6.459]
[1608.0, 101.9918793, 70.2384076, 1892.888, 1935.042, 6.55, 6.268, 6.829]
[1612.0, 101.9940406, 70.2389072, 1852.43, 1962.734, 6.489, 6.292, 6.71]
[1706.0, 101.937453, 70.2397838, 2912.044, 2011.175, 5.889, 5.68, 6.05]
[1855.0, 101.9854909, 70.237009, 2012.482, 1857.527, 6.402, 6.182, 6.822]
[1868.0, 101.98399, 70.2366714, 2040.583, 1838.817, 6.319, 5.916, 6.676]
[1882.0, 101.9996991, 70.2359208, 1746.363, 1797.402, 6.583, 6.318, 6.768]
[1885.0, 102.0021249, 70.2346409, 1700.882, 1726.545, 6.585, 6.411, 6.778]
[1976.0, 101.9542124, 70.2353545, 2598.25, 1765.79, 6.271, 6.048, 6.478]
[1985.0, 102.0004124, 70.233238, 1732.905, 1648.826, 6.896, 6.603, 7.256]
[1986.0, 102.001093, 70.2337478, 1720.176, 1677.069, 7.328, 6.907, 7.638]
[1990.0, 102.0008266, 70.2331692, 1725.144, 1645.018, 7.164, 6.727, 7.5]
[1991.0, 102.0005107, 70.2329932, 1731.055, 1635.266, 6.883, 6.659, 7.207]
[1995.0, 102.002313, 70.2338901, 1697.331, 1684.966, 6.561, 6.112, 7.198]
[1996.0, 102.0013676, 70.2330241, 1715.005, 1636.988, 6.815, 6.588, 7.11]
[1998.0, 102.0021122, 70.2334134, 1701.072, 1658.558, 6.43, 6.178, 6.634]
[2001.0, 102.001824, 70.2330724, 1706.457, 1639.672, 6.812, 6.581, 7.108]
[2002.0, 102.0018152, 70.2329544, 1706.618, 1633.136, 7.008, 6.673, 7.42]
[2003.0, 102.0016333, 70.2328744, 1710.022, 1628.704, 7.076, 6.644, 7.56]
[2004.0, 102.0015053, 70.2327762, 1712.416, 1623.264, 7.154, 6.558, 7.663]
[2025.0, 102.0002884, 70.2329391, 1735.215, 1632.266, 6.818, 6.219, 7.581]
[2029.0, 102.0016282, 70.2335323, 1710.143, 1665.138, 6.421, 6.185, 6.692]
[2043.0, 101.9127458, 70.2332346, 3374.955, 1648.713, 6.533, 5.999, 7.157]
[2053.0, 101.9198501, 70.2324541, 3241.916, 1605.393, 6.441, 6.159, 6.765]
[2111.0, 101.9968091, 70.2317801, 1800.347, 1568.033, 6.533, 6.079, 7.151]
[2124.0, 101.9393612, 70.2314659, 2876.464, 1550.482, 7.73, 6.719, 8.084]
[2233.0, 101.9610981, 70.2268856, 2469.276, 1296.739, 6.228, 6.061, 6.448]
[2263.0, 101.965785, 70.2265848, 2381.459, 1280.09, 6.507, 6.147, 7.001]
MACS0717
ID	RA	Dec	x	y	zb	zbmin	zbmax
[4289.0, 109.4090608, 37.7546832, 1488.36, 2764.116, 6.067, 5.9, 6.26]
[5689.0, 109.3907291, 37.7422357, 2291.057, 2074.595, 5.818, 5.638, 5.964]
[234.0, 109.3991201, 37.7649582, 1923.736, 3333.109, 6.14, 5.683, 6.47]
[859.0, 109.4090649, 37.7546861, 1488.18, 2764.279, 6.106, 5.929, 6.325]
[959.0, 109.4109782, 37.7530944, 1404.376, 2676.145, 8.072, 7.921, 8.338]
[1123.0, 109.413037, 37.7508096, 1314.184, 2549.625, 7.25, 6.756, 7.804]
[1154.0, 109.4133376, 37.7495257, 1300.997, 2478.522, 6.581, 6.337, 6.8]
[1229.0, 109.4139856, 37.7493979, 1272.619, 2471.45, 6.712, 6.309, 7.352]
[1730.0, 109.4077276, 37.7427406, 1546.586, 2102.668, 5.97, 5.688, 6.197]
MACS1149
ID	RA	Dec	x	y	zb	zbmin	zbmax
[2255.0, 177.4004538, 22.418054, 2200.42, 3426.791, 6.02, 5.802, 6.11]
[2558.0, 177.4120045, 22.4157575, 1609.019, 3299.649, 5.757, 5.681, 5.818]
[4310.0, 177.3860552, 22.4034535, 2937.659, 2618.154, 6.035, 5.769, 6.197]
[7434.0, 177.3883946, 22.3823896, 2817.918, 1451.536, 5.95, 5.798, 6.062]
[7483.0, 177.3960526, 22.3797594, 2425.736, 1305.854, 5.904, 5.611, 6.001]
[94.0, 177.4004414, 22.4180794, 2201.052, 3428.197, 5.901, 5.775, 6.014]
[144.0, 177.3907057, 22.4169154, 2699.516, 3363.726, 5.987, 5.795, 6.069]
[226.0, 177.4120212, 22.415777, 1608.167, 3300.729, 5.756, 5.696, 5.827]
[761.0, 177.4184559, 22.4057748, 1278.622, 2746.806, 6.089, 5.819, 6.283]
[1632.0, 177.3925946, 22.3917302, 2602.821, 1968.851, 5.794, 5.607, 5.911]
[2104.0, 177.3883908, 22.3823891, 2818.114, 1451.505, 6.151, 6.035, 6.295]
[2198.0, 177.3960473, 22.3797645, 2426.007, 1306.138, 6.041, 5.733, 6.219]
MACS2129
ID	RA	Dec	x	y	zb	zbmin	zbmax
[4612.0, 322.3708416, -7.694577, 1827.193, 2320.343, 7.46, 7.134, 7.79]
[4769.0, 322.3511463, -7.6957442, 2908.188, 2255.702, 5.824, 5.502, 5.978]
[4975.0, 322.3532425, -7.697444, 2793.135, 2161.559, 6.449, 5.822, 7.002]
[1307.0, 322.3509386, -7.6933313, 2919.587, 2389.337, 6.232, 5.992, 6.488]
[1322.0, 322.3511495, -7.6957508, 2908.011, 2255.337, 5.919, 5.54, 6.104]
[1408.0, 322.3532384, -7.6974442, 2793.358, 2161.55, 6.54, 6.167, 7.056]
[1922.0, 322.3746737, -7.7078962, 1616.891, 1582.656, 6.594, 6.059, 7.123]
