MACS0416
ID	RA	Dec	x	y	zb	zbmin	zbmax
[4664.0, 64.0365048, -24.0923002, 2419.703, 1400.297, 5.913, 5.509, 6.132]
MACS0647
ID	RA	Dec	x	y	zb	zbmin	zbmax
[3406.0, 101.9246099, 70.261869, 3151.825, 3234.472, 6.09, 5.71, 6.27]
[6209.0, 101.9542007, 70.2353576, 2598.469, 1765.961, 6.18, 5.943, 6.387]
[6353.0, 101.8988292, 70.2407192, 3635.209, 2063.477, 6.012, 5.517, 6.228]
[7591.0, 101.9611251, 70.226876, 2468.771, 1296.209, 6.14, 5.886, 6.271]
MACS0717
ID	RA	Dec	x	y	zb	zbmin	zbmax
[4289.0, 109.4090608, 37.7546832, 1488.36, 2764.116, 6.067, 5.9, 6.26]
[5689.0, 109.3907291, 37.7422357, 2291.057, 2074.595, 5.818, 5.638, 5.964]
MACS1149
ID	RA	Dec	x	y	zb	zbmin	zbmax
[2255.0, 177.4004538, 22.418054, 2200.42, 3426.791, 6.02, 5.802, 6.11]
[2558.0, 177.4120045, 22.4157575, 1609.019, 3299.649, 5.757, 5.681, 5.818]
[4310.0, 177.3860552, 22.4034535, 2937.659, 2618.154, 6.035, 5.769, 6.197]
[7434.0, 177.3883946, 22.3823896, 2817.918, 1451.536, 5.95, 5.798, 6.062]
[7483.0, 177.3960526, 22.3797594, 2425.736, 1305.854, 5.904, 5.611, 6.001]
MACS2129
ID	RA	Dec	x	y	zb	zbmin	zbmax
[4612.0, 322.3708416, -7.694577, 1827.193, 2320.343, 7.46, 7.134, 7.79]
[4769.0, 322.3511463, -7.6957442, 2908.188, 2255.702, 5.824, 5.502, 5.978]
[4975.0, 322.3532425, -7.697444, 2793.135, 2161.559, 6.449, 5.822, 7.002]
