RXJ1347
ID	RA	Dec	x	y	zb	zbmin	zbmax
[2001.0, 206.8823162, -11.7421855, 2580.135, 3107.708, 6.657, 6.505, 6.825]
[2117.0, 206.8931732, -11.7436487, 1991.413, 3026.656, 6.225, 6.034, 6.371]
[2239.0, 206.887116, -11.7450134, 2319.866, 2951.08, 6.374, 6.217, 6.555]
[2586.0, 206.8953843, -11.7495475, 1871.528, 2699.949, 6.743, 6.345, 7.199]
[2879.0, 206.8912433, -11.7526114, 2096.074, 2530.266, 7.335, 6.802, 7.586]
[3043.0, 206.9008583, -11.7542085, 1574.723, 2441.786, 6.861, 6.668, 7.025]
[3050.0, 206.8886436, -11.7542786, 2237.043, 2437.932, 6.112, 6.009, 6.246]
[3064.0, 206.8886273, -11.7544304, 2237.928, 2429.523, 6.101, 5.963, 6.278]
RXJ1532
ID	RA	Dec	x	y	zb	zbmin	zbmax
[4746.0, 233.2227891, 30.3306218, 2561.867, 1435.976, 6.263, 5.942, 6.559]
RXJ2129
ID	RA	Dec	x	y	zb	zbmin	zbmax
[2817.0, 322.4205852, 0.1007462, 2273.745, 3138.249, 6.27, 5.826, 6.622]
[4359.0, 322.3995643, 0.0821969, 3437.978, 2110.906, 6.677, 6.146, 7.175]
[5147.0, 322.4131055, 0.073162, 2688.005, 1610.513, 6.379, 6.112, 6.682]
RXJ2248
ID	RA	Dec	x	y	zb	zbmin	zbmax
[1870.0, 342.1712952, -44.5198157, 2968.8, 3114.788, 6.016, 5.877, 6.169]
[4812.0, 342.2007841, -44.5465092, 1804.612, 1636.341, 6.713, 6.47, 7.251]
