RXJ1347
ID	RA	Dec	x	y	zb	zbmin	zbmax
[2001.0, 206.8823162, -11.7421855, 2580.135, 3107.708, 6.657, 6.505, 6.825]
[2117.0, 206.8931732, -11.7436487, 1991.413, 3026.656, 6.225, 6.034, 6.371]
[2239.0, 206.887116, -11.7450134, 2319.866, 2951.08, 6.374, 6.217, 6.555]
[2586.0, 206.8953843, -11.7495475, 1871.528, 2699.949, 6.743, 6.345, 7.199]
[2879.0, 206.8912433, -11.7526114, 2096.074, 2530.266, 7.335, 6.802, 7.586]
[3043.0, 206.9008583, -11.7542085, 1574.723, 2441.786, 6.861, 6.668, 7.025]
[3050.0, 206.8886436, -11.7542786, 2237.043, 2437.932, 6.112, 6.009, 6.246]
[3064.0, 206.8886273, -11.7544304, 2237.928, 2429.523, 6.101, 5.963, 6.278]
[254.0, 206.8930254, -11.7398344, 1999.422, 3237.911, 6.453, 6.304, 6.72]
[310.0, 206.8760007, -11.7411934, 2922.603, 3162.645, 6.715, 6.438, 6.986]
[314.0, 206.8901957, -11.7414253, 2152.865, 3149.807, 8.043, 7.991, 8.302]
[346.0, 206.8823155, -11.7421821, 2580.174, 3107.891, 6.624, 6.496, 6.809]
[419.0, 206.8926315, -11.7437788, 2020.787, 3019.455, 8.131, 7.87, 8.493]
[471.0, 206.8871171, -11.7450133, 2319.806, 2951.085, 6.37, 6.197, 6.53]
[791.0, 206.9087336, -11.7498396, 1147.678, 2683.726, 6.789, 6.415, 7.189]
[828.0, 206.9030145, -11.7503692, 1457.793, 2654.416, 6.49, 5.592, 6.901]
[943.0, 206.8912473, -11.7526045, 2095.857, 2530.646, 7.522, 6.955, 7.694]
[1046.0, 206.9008589, -11.7542095, 1574.687, 2441.73, 6.767, 6.551, 6.959]
[1202.0, 206.8886406, -11.7542822, 2237.205, 2437.732, 6.32, 6.182, 6.441]
[1243.0, 206.888632, -11.7544248, 2237.671, 2429.834, 6.333, 6.178, 6.534]
[1316.0, 206.8769757, -11.7576773, 2869.708, 2249.691, 6.678, 5.923, 7.224]
[1712.0, 206.8973367, -11.7654829, 1765.706, 1817.371, 6.404, 6.257, 6.487]
[1724.0, 206.8982455, -11.7648428, 1716.427, 1852.817, 6.373, 6.225, 6.498]
[1727.0, 206.8981737, -11.7650995, 1720.319, 1838.6, 6.837, 6.603, 7.137]
[1729.0, 206.8978525, -11.7653092, 1737.737, 1826.99, 6.891, 6.776, 7.051]
[1749.0, 206.8975079, -11.7651807, 1756.42, 1834.109, 6.45, 6.243, 6.551]
[1951.0, 206.8773566, -11.7704777, 2849.041, 1540.747, 6.455, 6.205, 6.843]
RXJ1532
ID	RA	Dec	x	y	zb	zbmin	zbmax
[4746.0, 233.2227891, 30.3306218, 2561.867, 1435.976, 6.263, 5.942, 6.559]
[52.0, 233.21208, 30.3704169, 3073.572, 3640.041, 6.616, 6.147, 7.143]
[594.0, 233.2336512, 30.3554857, 2042.736, 2813.076, 5.874, 5.521, 6.252]
[844.0, 233.2450679, 30.3506265, 1497.063, 2544.023, 7.005, 6.328, 7.438]
[878.0, 233.2152996, 30.3530354, 2919.801, 2677.364, 6.417, 5.861, 7.107]
[916.0, 233.2457329, 30.3488797, 1465.258, 2447.285, 6.385, 6.043, 6.65]
[918.0, 233.2150798, 30.3529243, 2930.306, 2671.211, 6.539, 6.296, 6.929]
[1241.0, 233.2192718, 30.3407408, 2729.986, 1996.416, 5.967, 5.507, 6.392]
[1490.0, 233.2155061, 30.3329658, 2910.015, 1565.813, 6.403, 5.827, 6.891]
[1538.0, 233.2227919, 30.3306261, 2561.737, 1436.214, 6.316, 5.889, 6.65]
RXJ2129
ID	RA	Dec	x	y	zb	zbmin	zbmax
[2817.0, 322.4205852, 0.1007462, 2273.745, 3138.249, 6.27, 5.826, 6.622]
[4359.0, 322.3995643, 0.0821969, 3437.978, 2110.906, 6.677, 6.146, 7.175]
[5147.0, 322.4131055, 0.073162, 2688.005, 1610.513, 6.379, 6.112, 6.682]
[381.0, 322.4205821, 0.1007475, 2273.915, 3138.324, 6.49, 6.205, 6.981]
[1303.0, 322.3995647, 0.0821906, 3437.952, 2110.558, 6.764, 6.218, 7.336]
[1396.0, 322.4126237, 0.0801283, 2714.685, 1996.334, 6.697, 6.38, 7.094]
[1680.0, 322.4131061, 0.0731636, 2687.97, 1610.597, 6.409, 6.09, 6.748]
RXJ2248
ID	RA	Dec	x	y	zb	zbmin	zbmax
[1870.0, 342.1712952, -44.5198157, 2968.8, 3114.788, 6.016, 5.877, 6.169]
[4812.0, 342.2007841, -44.5465092, 1804.612, 1636.341, 6.713, 6.47, 7.251]
[401.0, 342.1712956, -44.519812, 2968.785, 3114.995, 6.023, 5.871, 6.198]
[1773.0, 342.1696535, -44.5485453, 3033.369, 1523.603, 5.997, 5.567, 6.316]
